4
2002 4920
2003 5901
2004 2832
2005 3890
2
2002 2005
2003 2005

3
1985 5782
1995 3048
2005 4890
2
1985 2005
2005 2015

9
1999 300
2000 1000
2002 600
2004 500
2005 399
2006 300
2007 400
2008 500
2009 600
12
1998 2009
1999 2009
2000 2009
2001 2009
2001 2008
2002 2009
2002 2008
2003 2009
2003 2008
2004 2009
2004 2008
2004 2007

5
1 1
2 1
4 1
6 1
7 1
37
0 1
0 2
0 3
0 4
0 5
0 6
0 7
0 8
1 2
1 3
1 4
1 5
1 6
1 7
1 8
2 3
2 4
2 5
2 6
2 7
2 8
3 4
3 5
3 6
3 7
3 8
4 5
4 6
4 7
4 8
5 6
5 7
5 8
6 7
6 8
7 8
8 9

0
0