5 1
1 2
3 1 4 3
1 2
2 2 5
1 4
3

4 1
1 2
2 1 3
2 2 4
1 3
4

6 1
1 2
3 4 3 1
3 5 2 6
1 2
1 3
1 3
6

10 3
1 2
3 1 4 3
3 6 5 2
3 7 2 8
1 3
2 3 9
2 10 4
1 4
1 6
1 7
5 7 8

8 1
1 2
3 1 4 3
1 2
3 2 6 5
3 4 8 7
1 4
1 5
1 5
6

8 1
1 2
3 1 4 3
3 2 6 5
1 2
3 3 8 7
1 3
1 5
1 5
6

12 2
1 2
3 1 11 6
3 11 12 7
1 7
1 6
3 2 5 9
3 3 10 4
1 11
1 6
1 7
3 2 8 3
1 3
12 9

12 0
1 2
3 1 11 6
3 11 12 7
1 7
1 6
3 2 5 9
3 3 10 4
1 11
1 6
1 7
3 2 8 3
1 3


0 0
