3
1 20 10
2 2 100
5 20 10
6 6 10
10 5 12
5 10 18
12 5 10
3 3 7
100 100 100
4 8 24
7 3 16
12 41 368
6 6 91
1 1 10
27 31 125
10 16 34
12 8 29
13 13 333
48 49 50
4 8 24
7 3 16
12 41 368
6 6 91
1 1 10
27 31 125
10 16 34
12 8 29
13 13 333
48 49 50
4 8 24
7 3 16
12 41 368
6 6 91
1 1 10
27 31 125
10 16 34
12 8 29
13 13 333
48 49 50
4 8 24
7 3 16
12 41 368
6 6 91
1 1 10
27 31 125
10 16 34
12 8 29
13 13 333
48 49 50
4 8 24
7 3 16
12 41 368
6 6 91
1 1 10
27 31 125
10 16 34
12 8 29
13 13 333
48 49 50
4 8 24
7 3 16
12 41 368
6 6 91
1 1 10
27 31 125
10 16 34
12 8 29
13 13 333
48 49 50
4 8 24
7 3 16
12 41 368
6 6 91
1 1 10
27 31 125
10 16 34
12 8 29
13 13 333
48 49 50
4 8 24
7 3 16
12 41 368
6 6 91
1 1 10
27 31 125
10 16 34
12 8 29
13 13 333
48 49 50
4 8 24
7 3 16
12 41 368
6 6 91
1 1 10
27 31 125
10 16 34
12 8 29
13 13 333
48 49 50
4 8 24
7 3 16
12 41 368
6 6 91
1 1 10
27 31 125
10 16 34
12 8 29
13 13 333
48 49 50