1
17 2
7400 6 7401 7402 7403 7404 7405 7406
7401 6 7412 7402 7400 7406 7410 7411
7402 5 7412 7403 7400 7401 7411
7403 6 7413 7414 7404 7400 7402 7412
7404 5 7403 7414 7415 7405 7400
7405 6 7404 7415 7407 7408 7406 7400
7406 7 7400 7405 7407 7408 7409 7410 7401
7407 4 7408 7406 7405 7415
7408 4 7409 7406 7405 7407
7409 3 7410 7406 7408
7410 4 7411 7401 7406 7409
7411 5 7416 7412 7402 7401 7410
7412 6 7416 7411 7401 7402 7403 7413
7413 3 7412 7403 7414
7414 3 7413 7403 7404
7415 3 7404 7405 7407
7416 2 7411 7412
5 7409 7408 7407 7405 7415
6 7415 7404 7414 7413 7412 7416
